07/02/2019 11:09:14

scalePropX: 0.02732241
scalePropY: 0.02732241
shiftVector: {X=0, Y=0}
imageLocation: 
 

<cPoints>:

C1: (30.5191; 9.8361)
C2: (28.2787; 11.2568)
C3: (24.8087; 10.1093)
C4: (21.4481; 11.3661)



