07/01/2019 19:48:56

scalePropX: 0.02732241
scalePropY: 0.02732241
shiftVector: {X=0, Y=0}
imageLocation: 
 

<cPoints>:

C1: (23.5246; 9.3716)
C2: (22.459; 12.9781)
C3: (16.6393; 13.9617)
C4: (17.3497; 8.7432)



